t: [0.168230, 0.124897, -0.056690]
R: [-0.094154, -0.394950, -0.913865, -0.489847, 0.817518, -0.302843, 0.866709, 0.419140, -0.270438]