t: [0.051889, 0.048695, -0.457554]
R: [-0.999970, -0.000244, 0.007805, 0.000000, -0.999512, -0.031235, 0.007808, -0.031234, 0.999482]