t: [0.246451, 0.192702, 0.015099]
R: [-0.289472, -0.525075, -0.800314, -0.194854, 0.850929, -0.487804, 0.937144, 0.014738, -0.348633]