t: [-0.076632, 0.006300, -0.101884]
R: [-0.193895, 0.088886, 0.976987, 0.398543, 0.917139, -0.004346, -0.896420, 0.388529, -0.213254]