#t: [-0.132213, 0.114856, 0.010647]
t: [-0.138213, 0.120856, 0.016647]
R: [-0.194354, 0.481639, 0.854547, 0.499519, 0.798341, -0.336352, -0.844220, 0.361491, -0.395749]
