t: [0.052920, 0.350619, 0.047419]
R: [-0.666788, -0.744081, -0.041677, -0.327631, 0.342909, -0.880381, 0.669367, -0.573373, -0.472432]