t: [0.206095, 0.123703, 0.076737]
R: [-0.697033, -0.186753, -0.692292, -0.113871, 0.982065, -0.150271, 0.707939, -0.025912, -0.705798]