t: [0.166919, 0.067730, 0.007519]
R: [-0.453214, -0.439080, -0.775762, -0.587802, 0.801461, -0.110221, 0.670139, 0.406040, -0.621325]