t: [0.023458, -0.015603, 0.431665]
R: [-0.999500, -0.019071, -0.025206, -0.021335, 0.995454, 0.092824, 0.023321, 0.093315, -0.995363]