t: [0.271595, 0.150028, -0.049565]
R: [-0.334170, -0.377494, -0.863614, -0.484835, 0.854609, -0.185954, 0.808248, 0.356570, -0.468607]