t: [0.159308, 0.210552, 0.067440]
R: [-0.426663, -0.820649, -0.380124, -0.590236, 0.571115, -0.570481, 0.685260, -0.019040, -0.728050]