t: [0.034077, 0.030294, -0.110640]
R: [-0.284991, -0.099874, -0.953313, -0.758242, 0.631915, 0.160473, 0.586386, 0.768575, -0.255819]