t: [0.159872, 0.219732, 0.079063]
R: [-0.367074, -0.809544, -0.458143, -0.563123, 0.585415, -0.583251, 0.740371, 0.043895, -0.670764]