t: [0.170754, 0.252126, 0.087427]
R: [-0.446953, -0.753921, -0.481493, -0.491246, 0.656684, -0.572227, 0.747603, -0.019227, -0.663867]