t: [0.169877, 0.159565, 0.141241]
R: [-0.229051, 0.937474, -0.262064, 0.789443, 0.021397, -0.613450, -0.569486, -0.347396, -0.744984]