t: [0.058492, 0.180076, 0.134340]
R: [-0.719305, 0.089392, -0.688919, 0.412736, 0.852676, -0.320300, 0.558793, -0.514735, -0.650230]