t: [-0.047336, 0.276419, 0.047220]
R: [-0.659565, 0.749800, 0.052670, 0.694267, 0.634569, -0.339581, -0.288040, -0.187408, -0.939101]
