image_width: 640
image_height: 480
camera_name: left/calibrated
camera_matrix:
  rows: 3
  cols: 3
  data: [1264.264125550183, 0, 293.9615953325423, 0, 1264.384651961652, 230.9721081623854, 0, 0, 1]
distortion_model: plumb_bob
distortion_coefficients:
  rows: 1
  cols: 5
  data: [-0.06144318751578214, 0.3637980377053983, 5.937326919972132e-05, 0.004353971010934345, 0]
rectification_matrix:
  rows: 3
  cols: 3
  data: [0.9981070692099647, -0.01826406647546955, -0.05872565256235263, 0.01812099150624131, 0.999831396126844, -0.002967993577661293, 0.05876995882187813, 0.001898208319952644, 0.9982697474857428]
projection_matrix:
  rows: 3
  cols: 4
  data: [1346.168091970404, 0, 367.9634704589844, 0, 0, 1346.168091970404, 231.8400440216064, 0, 0, 0, 1, 0]