image_width: 640
image_height: 480
camera_name: left/calibrated
camera_matrix:
  rows: 3
  cols: 3
  data: [1265.05621686031, 0, 290.3044388640006, 0, 1268.212127202778, 210.7194843713663, 0, 0, 1]
distortion_model: plumb_bob
distortion_coefficients:
  rows: 1
  cols: 5
  data: [-0.0557549238324255, 0.4814001569463136, -0.002355179895796513, 0.002090618068890063, 0]
rectification_matrix:
  rows: 3
  cols: 3
  data: [0.995681695528822, 0.01820267750926378, 0.09103089431804982, -0.01779420647074526, 0.9998276400933286, -0.005296821828431697, -0.09111162058116795, 0.003654126010334988, 0.9958339821266263]
projection_matrix:
  rows: 3
  cols: 4
  data: [1342.319622567204, 0, 170.7089195251465, 0, 0, 1342.319622567204, 221.1227931976318, 0, 0, 0, 1, 0]