image_width: 640
image_height: 480
camera_name: camera
camera_matrix:
  rows: 3
  cols: 3
  data: [1247.01581928661, 0, 284.7743358215582, 0, 1248.639475861057, 246.7085675944853, 0, 0, 1]
distortion_model: plumb_bob
distortion_coefficients:
  rows: 1
  cols: 5
  data: [-0.09261848099762995, 0.8896801238256516, -0.003500396710740956, 0.002026648971426431, 0]
rectification_matrix:
  rows: 3
  cols: 3
  data: [0.9994727933252139, 0.03243175886733225, -0.001521978799283912, -0.03242172417615147, 0.9994549840039498, 0.006210213451232468, 0.001722557441657721, -0.006157594208416816, 0.9999795582057789]
projection_matrix:
  rows: 3
  cols: 4
  data: [1316.749772159014, 0, 288.8278465270996, -62.96778753058998, 0, 1316.749772159014, 237.6379547119141, 0, 0, 0, 1, 0]