image_width: 720
image_height: 576
camera_name: default
camera_matrix:
  rows: 3
  cols: 3
  data: [827.921319535935, 0, 405.0961061225732, 0, 902.8930709861067, 297.7119762256124, 0, 0, 1]
distortion_model: plumb_bob
distortion_coefficients:
  rows: 1
  cols: 5
  data: [-0.4374315010802679, 0.9722897892120719, -0.009586866149497376, -0.003503127267550291, 0]
rectification_matrix:
  rows: 3
  cols: 3
  data: [0.9963979351534391, -0.03013179059029735, -0.07926682797857844, 0.03022188614807092, 0.9995432124805445, -6.310092335265775e-05, 0.07923252122465951, -0.002332719420752463, 0.9968534325569069]
projection_matrix:
  rows: 3
  cols: 4
  data: [962.8892617717713, 0, 426.5007724761963, -4.933798021105196, 0, 962.8892617717713, 296.6341705322266, 0, 0, 0, 1, 0]