image_width: 720
image_height: 576
camera_name: default
camera_matrix:
  rows: 3
  cols: 3
  data: [832.6591707190719, 0, 407.3536143524157, 0, 908.2298299961493, 304.9650364312417, 0, 0, 1]
distortion_model: plumb_bob
distortion_coefficients:
  rows: 1
  cols: 5
  data: [-0.3461504027193796, 0.6350436746918261, 0.001202890091971905, -0.00951232653698187, 0]
rectification_matrix:
  rows: 3
  cols: 3
  data: [0.989352098626711, -0.0002735536761919044, -0.1455415751986657, 0.000211349065419841, 0.99999987960189, -0.0004428631595656302, 0.1455416788225805, 0.0004073875204227648, 0.9893520373259022]
projection_matrix:
  rows: 3
  cols: 4
  data: [1010.346512373397, 0, 498.4730052947998, -5.489150672543641, 0, 1010.346512373397, 301.0638446807861, 0, 0, 0, 1, 0]