image_width: 640
image_height: 480
camera_name: left/calibrated
camera_matrix:
  rows: 3
  cols: 3
  data: [1288.395258992585, 0, 293.878145567804, 0, 1287.464990616532, 218.8305227874124, 0, 0, 1]
distortion_model: plumb_bob
distortion_coefficients:
  rows: 1
  cols: 5
  data: [-0.1196073800535829, 1.039173455965753, -0.0004050711247599983, 0.00295494633004402, 0]
rectification_matrix:
  rows: 3
  cols: 3
  data: [0.9958723135354759, -0.0001724005895061257, -0.09076511120213267, -0.0006078847665825383, 0.9999631003369903, -0.00856903965125921, 0.09076323930760362, 0.008588844070713694, 0.9958354613830136]
projection_matrix:
  rows: 3
  cols: 4
  data: [1343.495073408599, 0, 419.126127243042, 0, 0, 1343.495073408599, 234.6880149841309, 0, 0, 0, 1, 0]