image_width: 640
image_height: 480
camera_name: right/calibrated
camera_matrix:
  rows: 3
  cols: 3
  data: [1254.780766755031, 0, 245.2639233136293, 0, 1256.464126610882, 245.3038762244526, 0, 0, 1]
distortion_model: plumb_bob
distortion_coefficients:
  rows: 1
  cols: 5
  data: [-0.06186413693943183, 0.3721085738519562, -0.00524001489864557, -0.006314129092987245, 0]
rectification_matrix:
  rows: 3
  cols: 3
  data: [0.9990654118340196, -0.007613071297060247, -0.04254813770715041, 0.007945205413247752, 0.9999392316245482, 0.007642432142271394, 0.04248736974516139, -0.007973343309666382, 0.9990651876672534]
projection_matrix:
  rows: 3
  cols: 4
  data: [1328.435487374786, 0, 311.6872825622559, -64.86504396352485, 0, 1328.435487374786, 228.8056411743164, 0, 0, 0, 1, 0]