image_width: 480
image_height: 640
camera_name: left/rotated
camera_matrix:
  rows: 3
  cols: 3
  data: [722.3286689141572, 0, 233.4666681570233, 0, 721.2120448581894, 335.2650432264469, 0, 0, 1]
distortion_model: plumb_bob
distortion_coefficients:
  rows: 1
  cols: 5
  data: [0.07194701128278361, -0.03560492432070646, 0.00368759545092593, -0.0004459644666962686, 0]
rectification_matrix:
  rows: 3
  cols: 3
  data: [0.9721771030265119, 0.02858832952700044, -0.2324959951608511, -0.02718579300085603, 0.999587737242144, 0.009235161831028595, 0.2326641635703562, -0.002657624876899482, 0.9725535070216549]
projection_matrix:
  rows: 3
  cols: 4
data: [968.4290748227938, 0, 405.2924284934998, 0, 0, 968.4290748227938, 324.7863616943359, 0, 0, 0, 1, 0]
