image_width: 640
image_height: 480
camera_name: left/calibrated
camera_matrix:
  rows: 3
  cols: 3
  data: [1270.747427221919, 0, 287.5772919994221, 0, 1272.138668768728, 222.9615350210911, 0, 0, 1]
distortion_model: plumb_bob
distortion_coefficients:
  rows: 1
  cols: 5
  data: [-0.103968825096456, 0.8181881341486141, -0.0005973153769808875, 0.002001666687860344, 0]
rectification_matrix:
  rows: 3
  cols: 3
  data: [0.9991359929151294, -0.003588983951956758, 0.04140515494103137, 0.003713612348749703, 0.9999888019111526, -0.002933451145089364, -0.041394163173344, 0.003084679317207762, 0.9991381325966336]
projection_matrix:
  rows: 3
  cols: 4
  data: [1318.715239692746, 0, 225.0673961639404, 0, 0, 1318.715239692746, 229.6595134735107, 0, 0, 0, 1, 0]