image_width: 720
image_height: 576
camera_name: default
camera_matrix:
  rows: 3
  cols: 3
  data: [815.2276020192717, 0, 232.4148857009855, 0, 888.5218147385292, 409.8263115912924, 0, 0, 1]
distortion_model: plumb_bob
distortion_coefficients:
  rows: 1
  cols: 5
  data: [-0.2711761385330349, 0.5619170041728906, -0.01604981080377877, -0.01050262523572748, 0]
rectification_matrix:
  rows: 3
  cols: 3
  data: [0.9139030266307064, 0.09542479998503342, -0.3945571764181341, -0.09364071778767098, 0.9953209795536722, 0.02382359403046536, 0.39498439701771, 0.01517416251840732, 0.9185625024484839]
projection_matrix:
  rows: 3
  cols: 4
  data: [1373.1994740896, 0, 732.7508811950684, 0, 0, 1373.1994740896, 381.9677639007568, 0, 0, 0, 1, 0]