image_width: 640
image_height: 480
camera_name: left/calibrated
camera_matrix:
  rows: 3
  cols: 3
  data: [1252.96339243443, 0, 271.4263435488776, 0, 1256.649786601597, 207.2322688940874, 0, 0, 1]
distortion_model: plumb_bob
distortion_coefficients:
  rows: 1
  cols: 5
  data: [-0.07946871172864356, 0.4857617806426838, -0.004280847322777941, -0.001123584599169344, 0]
rectification_matrix:
  rows: 3
  cols: 3
  data: [0.9969236122860307, 0.02386638496057665, -0.07465726311274522, -0.02430359284479005, 0.9996923538892506, -0.004953074823178568, 0.07451608310564085, 0.006752276970244699, 0.9971969515167555]
projection_matrix:
  rows: 3
  cols: 4
  data: [1372.285108440074, 0, 362.5430946350098, 0, 0, 1372.285108440074, 219.4537105560303, 0, 0, 0, 1, 0]