image_width: 640
image_height: 480
camera_name: right/calibrated
camera_matrix:
  rows: 3
  cols: 3
  data: [1250.289121995584, 0, 296.4704182424901, 0, 1253.659777578602, 228.5066861536587, 0, 0, 1]
distortion_model: plumb_bob
distortion_coefficients:
  rows: 1
  cols: 5
  data: [-0.08376955496760588, 1.326907838537358, -0.003242526563610011, 0.003172475812060933, 0]
rectification_matrix:
  rows: 3
  cols: 3
  data: [0.995277964192489, 0.02146290856506084, 0.09466317947746294, -0.02188731491475437, 0.9997545009986538, 0.003447198682273442, -0.09456595285131376, -0.005502843706715275, 0.995503389884968]
projection_matrix:
  rows: 3
  cols: 4
  data: [1342.319622567204, 0, 170.7089195251465, -64.87327223621058, 0, 1342.319622567204, 221.1227931976318, 0, 0, 0, 1, 0]