image_width: 720
image_height: 576
camera_name: right/calibrated
camera_matrix:
  rows: 3
  cols: 3
  data: [823.4452334915883, 0, 400.9615839163333, 0, 898.4285081513033, 300.2050944489873, 0, 0, 1]
distortion_model: plumb_bob
distortion_coefficients:
  rows: 1
  cols: 5
  data: [-0.3901160805848412, 0.5499500020661072, -0.008341551171014224, -0.004198240391883032, 0]
rectification_matrix:
  rows: 3
  cols: 3
  data: [0.9764861122324421, 0.02063900550753797, -0.214590083808246, -0.02002983881759068, 0.9997868148286355, 0.005013028201907543, 0.2146478003011249, -0.0005969476288598397, 0.9766913358269422]
projection_matrix:
  rows: 3
  cols: 4
  data: [1015.583566661426, 0, 565.0964279174805, -5.545138683383376, 0, 1015.583566661426, 295.5875263214111, 0, 0, 0, 1, 0]