image_width: 720
image_height: 576
camera_name: default
camera_matrix:
  rows: 3
  cols: 3
  data: [822.5287854052361, 0, 405.4644140389503, 0, 897.4745090274201, 302.5680459445188, 0, 0, 1]
distortion_model: plumb_bob
distortion_coefficients:
  rows: 1
  cols: 5
  data: [-0.371711658930292, 0.4180704351421313, -0.009123386607733578, -0.003340561117673972, 0]
rectification_matrix:
  rows: 3
  cols: 3
  data: [0.9499241244231504, 0.00499921587136507, 0.3124406594532511, -0.005345075508780208, 0.9999856836018989, 0.0002505175612873185, -0.3124349340370189, -0.001907991591849209, 0.9499372461175364]
projection_matrix:
  rows: 3
  cols: 4
  data: [950.2140238105424, 0, 19.05250287055969, 0, 0, 950.2140238105424, 303.2352199554443, 0, 0, 0, 1, 0]