image_width: 720
image_height: 576
camera_name: default
camera_matrix:
  rows: 3
  cols: 3
  data: [822.551563588844, 0, 310.240349476513, 0, 895.4985378784883, 313.1181409538449, 0, 0, 1]
distortion_model: plumb_bob
distortion_coefficients:
  rows: 1
  cols: 5
  data: [-0.3173106161662327, 0.8404368575399938, -0.01066736390667399, -0.01414957316561238, 0]
rectification_matrix:
  rows: 3
  cols: 3
  data: [0.9211592612033211, -0.1236317759888998, -0.369026827568379, 0.1248244617750345, 0.9919619809720431, -0.02074324103395882, 0.3686251066353519, -0.02695574654596741, 0.9291872354300962]
projection_matrix:
  rows: 3
  cols: 4
  data: [1246.360844518044, 0, 768.6330516338348, 7.873703131480885, 0, 1246.360844518044, 335.1654319763184, 0, 0, 0, 1, 0]