image_width: 640
image_height: 480
camera_name: left/calibrated
camera_matrix:
  rows: 3
  cols: 3
  data: [1280.777106615042, 0, 294.6180933754933, 0, 1282.480736411557, 228.2360627988123, 0, 0, 1]
distortion_model: plumb_bob
distortion_coefficients:
  rows: 1
  cols: 5
  data: [-0.08004011879794456, 0.7064930893444413, 0.002164581169763522, 0.003702039074216887, 0]
rectification_matrix:
  rows: 3
  cols: 3
  data: [0.9984490530600363, -0.04930817410292491, 0.02584941798479084, 0.04942741443348665, 0.9987697324451905, -0.003994027263680736, -0.02562067809284405, 0.005265502634916681, 0.99965786914127]
projection_matrix:
  rows: 3
  cols: 4
  data: [1374.603880444956, 0, 257.5086994171143, 0, 0, 1374.603880444956, 232.9607563018799, 0, 0, 0, 1, 0]