image_width: 640
image_height: 480
camera_name: right/calibrated
camera_matrix:
  rows: 3
  cols: 3
  data: [1270.675548382811, 0, 281.1784782702446, 0, 1271.302626754225, 232.4403509372456, 0, 0, 1]
distortion_model: plumb_bob
distortion_coefficients:
  rows: 1
  cols: 5
  data: [-0.05058004204346085, 0.8997430572547666, -0.001476041062470412, 0.004111749991039541, 0]
rectification_matrix:
  rows: 3
  cols: 3
  data: [0.9981707072821403, -0.01535248305978148, -0.05847683633517512, 0.01549485010066745, 0.9998779833874185, 0.001981907532512189, 0.05843927398787202, -0.002884371856870292, 0.9982867982973438]
projection_matrix:
  rows: 3
  cols: 4
  data: [1346.168091970404, 0, 367.9634704589844, -65.27874076715329, 0, 1346.168091970404, 231.8400440216064, 0, 0, 0, 1, 0]