image_width: 720
image_height: 576
camera_name: default
camera_matrix:
  rows: 3
  cols: 3
  data: [833.1702308733343, 0, 275.8328364910097, 0, 909.1605473378768, 297.0167896676339, 0, 0, 1]
distortion_model: plumb_bob
distortion_coefficients:
  rows: 1
  cols: 5
  data: [-0.262408786240034, 0.7924392975671662, 0.002992084698916995, 0.003892249240396565, 0]
rectification_matrix:
  rows: 3
  cols: 3
  data: [0.9864417293298683, -0.005790333026841357, -0.1640097152004638, 0.005860481712813517, 0.9999828256529097, -5.615439394604911e-05, 0.1640072235933307, -0.0009057828991824383, 0.9864587219780394]
projection_matrix:
  rows: 3
  cols: 4
  data: [1010.346512373397, 0, 498.4730052947998, 0, 0, 1010.346512373397, 301.0638446807861, 0, 0, 0, 1, 0]