image_width: 640
image_height: 480
camera_name: right/calibrated
camera_matrix:
  rows: 3
  cols: 3
  data: [1268.085299052067, 0, 287.1550440687005, 0, 1269.146490505868, 241.3932143016689, 0, 0, 1]
distortion_model: plumb_bob
distortion_coefficients:
  rows: 1
  cols: 5
  data: [-0.06729670027010642, 1.11862254303326, -0.0005944109092321972, 0.003772909030051749, 0]
rectification_matrix:
  rows: 3
  cols: 3
  data: [0.9986476613203061, -0.04443606500072238, 0.02698674983644579, 0.04431055500835114, 0.9990041075199668, 0.005231431265598059, -0.02719233815498808, -0.004028558735622985, 0.9996221023267634]
projection_matrix:
  rows: 3
  cols: 4
  data: [1374.603880444956, 0, 257.5086994171143, -69.33813609654553, 0, 1374.603880444956, 232.9607563018799, 0, 0, 0, 1, 0]