image_width: 720
image_height: 576
camera_name: default
camera_matrix:
  rows: 3
  cols: 3
  data: [819.4630175401531, 0, 419.3105730441078, 0, 893.5583402417095, 307.8492539752785, 0, 0, 1]
distortion_model: plumb_bob
distortion_coefficients:
  rows: 1
  cols: 5
  data: [-0.2940351670303214, 0.5601155717114952, -0.007683008140131987, -0.01441381159640507, 0]
rectification_matrix:
  rows: 3
  cols: 3
  data: [0.9169866558151101, -0.1258868860469912, -0.3785339680641789, 0.1246608192523074, 0.9918083899534269, -0.02785314634533429, 0.3789395112684404, -0.02164739105257035, 0.9251682210605012]
projection_matrix:
  rows: 3
  cols: 4
  data: [1246.360844518044, 0, 768.6330516338348, 0, 0, 1246.360844518044, 335.1654319763184, 0, 0, 0, 1, 0]