image_width: 640
image_height: 480
camera_name: camera
camera_matrix:
  rows: 3
  cols: 3
  data: [1258.450923931102, 0, 277.3343405849031, 0, 1259.714741967962, 227.7067514493571, 0, 0, 1]
distortion_model: plumb_bob
distortion_coefficients:
  rows: 1
  cols: 5
  data: [-0.1005116345846203, 0.6160443031544344, -0.002086368007164763, 0.002471150762191023, 0]
rectification_matrix:
  rows: 3
  cols: 3
  data: [0.9996396248852564, 0.02553820144632363, -0.008271676139131634, -0.02558887552852132, 0.9996540651800909, -0.006079425803815274, 0.008113557077480319, 0.006288897821180113, 0.9999473085896803]
projection_matrix:
  rows: 3
  cols: 4
  data: [1316.749772159014, 0, 288.8278465270996, 0, 0, 1316.749772159014, 237.6379547119141, 0, 0, 0, 1, 0]