image_width: 640
image_height: 480
camera_name: left/calibrated
camera_matrix:
  rows: 3
  cols: 3
  data: [1268.411441992671, 0, 263.443626516862, 0, 1269.957020761983, 215.0240969968089, 0, 0, 1]
distortion_model: plumb_bob
distortion_coefficients:
  rows: 1
  cols: 5
  data: [-0.1011927603160406, 0.5973751275631835, -0.005623638603323575, -0.004623242676435279, 0]
rectification_matrix:
  rows: 3
  cols: 3
  data: [0.9989241740710716, -0.01140463851868363, -0.0449491788210387, 0.0110531559094113, 0.9999064247697427, -0.008060362810258877, 0.04503689821546109, 0.00755486098144208, 0.9989567567591108]
projection_matrix:
  rows: 3
  cols: 4
  data: [1328.435487374786, 0, 311.6872825622559, 0, 0, 1328.435487374786, 228.8056411743164, 0, 0, 0, 1, 0]