image_width: 480
image_height: 640
camera_name: right/rotated
camera_matrix:
  rows: 3
  cols: 3
  data: [730.1030453168138, 0, 225.1083378096939, 0, 731.1847790573007, 317.9681298296161, 0, 0, 1]
distortion_model: plumb_bob
distortion_coefficients:
  rows: 1
  cols: 5
  data: [0.02342167488953361, -0.2280075679838381, -0.00323162880632498, -0.0001252571832189063, 0]
rectification_matrix:
  rows: 3
  cols: 3
  data: [0.980333460077258, 0.01775501572762025, -0.1965478732254895, -0.01893749028695402, 0.9998121052801962, -0.004138308448349138, 0.1964374671863355, 0.007779045680166226, 0.9804854960343489]
projection_matrix:
  rows: 3
  cols: 4
data: [968.4290748227938, 0, 405.2924284934998, -50.67086941868944, 0, 968.4290748227938, 324.7863616943359, 0, 0, 0, 1, 0]
