image_width: 640
image_height: 480
camera_name: right/calibrated
camera_matrix:
  rows: 3
  cols: 3
  data: [1261.096734194785, 0, 265.9197330515481, 0, 1265.185862758554, 232.9865432424217, 0, 0, 1]
distortion_model: plumb_bob
distortion_coefficients:
  rows: 1
  cols: 5
  data: [-0.06715506301547354, 1.078849164117221, -0.004542753191280976, 0.0005836607762750928, 0]
rectification_matrix:
  rows: 3
  cols: 3
  data: [0.9974262029551245, 0.02820874282416308, -0.06591840779936199, -0.02782191351384534, 0.9995899082118774, 0.006779124530391202, 0.06608260578208813, -0.004927700198943793, 0.9978019878632225]
projection_matrix:
  rows: 3
  cols: 4
  data: [1372.285108440074, 0, 362.5430946350098, -65.88266379179933, 0, 1372.285108440074, 219.4537105560303, 0, 0, 0, 1, 0]