image_width: 720
image_height: 576
camera_name: default
camera_matrix:
  rows: 3
  cols: 3
  data: [823.6224418946166, 0, 401.3276342400348, 0, 899.0573699004758, 298.4674575394125, 0, 0, 1]
distortion_model: plumb_bob
distortion_coefficients:
  rows: 1
  cols: 5
  data: [-0.3920505555710992, 0.5240791011198631, -0.00848762714780524, -0.004032967831204543, 0]
rectification_matrix:
  rows: 3
  cols: 3
  data: [0.9828830884908361, 0.03927849534498107, 0.1799945392564721, -0.03951858759119159, 0.9992162950971955, -0.002253185973606122, -0.1799419784083545, -0.004898511576860864, 0.983665028854243]
projection_matrix:
  rows: 3
  cols: 4
  data: [1028.512225738309, 0, 168.0988578796387, -5.361305745358987, 0, 1028.512225738309, 301.4567489624023, 0, 0, 0, 1, 0]