image_width: 640
image_height: 480
camera_name: right/calibrated
camera_matrix:
  rows: 3
  cols: 3
  data: [1258.223612473542, 0, 279.7294061026827, 0, 1260.467127418795, 236.8283094773192, 0, 0, 1]
distortion_model: plumb_bob
distortion_coefficients:
  rows: 1
  cols: 5
  data: [-0.1156962648468073, 1.630576402569848, -0.003130571560037212, 0.003947574340865393, 0]
rectification_matrix:
  rows: 3
  cols: 3
  data: [0.9987566553654407, 0.001050791778479385, 0.04984013643517377, -0.001200838291277652, 0.9999948366709278, 0.002980707782145777, -0.04983674699091681, -0.003036851679391548, 0.9987527602871696]
projection_matrix:
  rows: 3
  cols: 4
  data: [1318.715239692746, 0, 225.0673961639404, -66.45171848463134, 0, 1318.715239692746, 229.6595134735107, 0, 0, 0, 1, 0]