image_width: 720
image_height: 576
camera_name: default
camera_matrix:
  rows: 3
  cols: 3
  data: [828.5440164129278, 0, 304.062956118219, 0, 905.1003985450569, 302.7735696609853, 0, 0, 1]
distortion_model: plumb_bob
distortion_coefficients:
  rows: 1
  cols: 5
  data: [-0.305906937101916, 0.5330600747259109, 0.005497454472530542, 0.0001870160356618854, 0]
rectification_matrix:
  rows: 3
  cols: 3
  data: [0.9479417134324456, 0.006544495204854819, 0.3183766284092986, -0.006191878256690474, 0.9999785838452006, -0.002119550565918422, -0.3183836813946552, 3.786107227744004e-05, 0.9479619348835299]
projection_matrix:
  rows: 3
  cols: 4
  data: [950.2140238105424, 0, 19.05250287055969, 5.405417845260398, 0, 950.2140238105424, 303.2352199554443, 0, 0, 0, 1, 0]