image_width: 720
image_height: 576
camera_name: default
camera_matrix:
  rows: 3
  cols: 3
  data: [829.957816108786, 0, 303.9954477011664, 0, 905.7021559802475, 297.8021156342858, 0, 0, 1]
distortion_model: plumb_bob
distortion_coefficients:
  rows: 1
  cols: 5
  data: [-0.3415174392979179, 0.8304349938902862, 0.005017664283918362, -0.0005070720144606682, 0]
rectification_matrix:
  rows: 3
  cols: 3
  data: [0.997054578836205, -0.02908649153362482, -0.07096578634822751, 0.02900580807399758, 0.9995768932327076, -0.002167397799863327, 0.07099880224153307, 0.0001025939218762366, 0.9974763954875097]
projection_matrix:
  rows: 3
  cols: 4
  data: [962.8892617717713, 0, 426.5007724761963, 0, 0, 962.8892617717713, 296.6341705322266, 0, 0, 0, 1, 0]