image_width: 640
image_height: 480
camera_name: right/calibrated
camera_matrix:
  rows: 3
  cols: 3
  data: [1286.742838731673, 0, 307.0612250932052, 0, 1286.288297020611, 250.7530008281901, 0, 0, 1]
distortion_model: plumb_bob
distortion_coefficients:
  rows: 1
  cols: 5
  data: [-0.08489361604865583, 0.8762955645784848, -0.0001705527288770918, 0.00389807520534915, 0]
rectification_matrix:
  rows: 3
  cols: 3
  data: [0.9965969556231041, 0.004826540944782673, -0.08228737780042029, -0.004119092448913235, 0.9999531038131816, 0.008764887436917196, 0.08232582292426883, -0.008396110819472278, 0.9965700999944505]
projection_matrix:
  rows: 3
  cols: 4
  data: [1343.495073408599, 0, 419.126127243042, -65.12205613613025, 0, 1343.495073408599, 234.6880149841309, 0, 0, 0, 1, 0]