image_width: 720
image_height: 576
camera_name: default
camera_matrix:
  rows: 3
  cols: 3
  data: [825.3750511579152, 0, 354.2285581529505, 0, 898.618031268066, 403.1000483799518, 0, 0, 1]
distortion_model: plumb_bob
distortion_coefficients:
  rows: 1
  cols: 5
  data: [-0.3447963994818587, 0.916369480969375, -0.01525288480839025, -0.01032732111137289, 0]
rectification_matrix:
  rows: 3
  cols: 3
  data: [0.9067821773716002, 0.08970378519592798, -0.4119457655113629, -0.09156803003626718, 0.9956819695382891, 0.0152548815672518, 0.41153539176661, 0.02388820750655912, 0.9110806632047606]
projection_matrix:
  rows: 3
  cols: 4
  data: [1373.1994740896, 0, 732.7508811950684, -17.30318805767698, 0, 1373.1994740896, 381.9677639007568, 0, 0, 0, 1, 0]
