image_width: 720
image_height: 576
camera_name: default
camera_matrix:
  rows: 3
  cols: 3
  data: [828.830002707673, 0, 300.3172872036599, 0, 904.5258695478857, 298.1344262369725, 0, 0, 1]
distortion_model: plumb_bob
distortion_coefficients:
  rows: 1
  cols: 5
  data: [-0.3344237588783922, 0.6682421208083046, 0.005826183410392364, -0.0006654124109271522, 0]
rectification_matrix:
  rows: 3
  cols: 3
  data: [0.9819409360806255, 0.04045684165710354, 0.1848113687310304, -0.04021019380546798, 0.9991783095280289, -0.005083904290707594, -0.1848651897011212, -0.002439207215966827, 0.982760862013199]
projection_matrix:
  rows: 3
  cols: 4
  data: [1028.512225738309, 0, 168.0988578796387, 0, 0, 1028.512225738309, 301.4567489624023, 0, 0, 0, 1, 0]