image_width: 720
image_height: 576
camera_name: left/calibrated
camera_matrix:
  rows: 3
  cols: 3
  data: [824.8176691891372, 0, 309.0230987563305, 0, 900.3907424807438, 298.7280557342776, 0, 0, 1]
distortion_model: plumb_bob
distortion_coefficients:
  rows: 1
  cols: 5
  data: [-0.3487228605942084, 0.8689414854435535, 0.005388571010427728, -0.0003488484984253756, 0]
rectification_matrix:
  rows: 3
  cols: 3
  data: [0.9798863932378349, 0.0200193415064526, -0.1985494455116786, -0.02058233134304198, 0.9997878634357737, -0.0007718568623407067, 0.1984918738483575, 0.004842942512433538, 0.9800905682251967]
projection_matrix:
  rows: 3
  cols: 4
  data: [1015.583566661426, 0, 565.0964279174805, 0, 0, 1015.583566661426, 295.5875263214111, 0, 0, 0, 1, 0]