t: [0.091615, 0.080806, -0.063984]
R: [-0.334142, -0.388176, -0.858876, -0.521957, 0.834972, -0.174307, 0.784799, 0.390053, -0.481611]
